PCG Fiducial Parameters for Normal2_2_Raw

S1 Location (s)    S2 Location (s)    M1 Location (s)    M1 Amplitude    T1 Location (s)    T1 Amplitude    A2 Location (s)    A2 Amplitude    P2 Location (s)    P2 Amplitude    S1-S2 Interval (s)   Systole Duration (s) Diastole Duration (s) M1-T1 Interval (s)   A2-P2 Interval (s)  
0.6020             0.9360             0.5880             0.6905          0.6160             0.2917          0.9120             0.6929          0.9600             0.1534          0.3340               0.3340               0.6400                0.0280               0.0480              
1.5760             1.9120             1.5520             0.8559          1.6000             0.6921          1.8880             0.4913          1.9360             0.1585          0.3360               0.3360               0.6060                0.0480               0.0480              
2.5180             2.8500             2.5000             0.7150          2.5360             0.3885          2.8160             0.5763          2.8840             0.1164          0.3320               0.3320               0.6340                0.0360               0.0680              
3.4840             3.8260             3.4600             0.7698          3.5080             0.5829          3.8000             0.5113          3.8520             0.0861          0.3420               0.3420               0.6060                0.0480               0.0520              
4.4320             4.7620             4.4160             0.5914          4.4480             0.5003          4.7320             0.6407          4.7920             0.1430          0.3300               0.3300               0.6260                0.0320               0.0600              
5.3880             5.7360             5.3680             0.7872          5.4080             0.4367          5.7040             0.5792          5.7680             0.0876          0.3480               0.3480               0.5920                0.0400               0.0640              
6.3280             6.6620             6.3120             0.7304          6.3440             0.4039          6.6360             0.5322          6.6880             0.1610          0.3340               0.3340               0.6380                0.0320               0.0520              
7.3000             7.5120             7.2760             0.6709          7.3240             0.4718          7.4960             0.0986          7.5280             0.0613          0.2120               0.2120               0.1120                0.0480               0.0320              
7.6240             7.8960             7.6120             0.5150          7.6360             0.0952          7.8760             0.8008          7.9160             0.1405          0.2720               0.2720               0.1460                0.0240               0.0400              
8.0420             8.5540             8.0240             0.4478          8.0600             0.1537          8.5200             0.7101          8.5880             0.1854          0.5120               0.5120               0.6280                0.0360               0.0680              
9.1820             9.5060             9.1600             0.8141          9.2040             0.4008          9.4920             0.5034          9.5200             0.0807          0.3240               0.3240               0.6160                0.0440               0.0280              
10.1220            10.4680            10.1000            0.8105          10.1440            0.4930          10.4200            0.6046          10.5160            0.2544          0.3460               0.3460               0.6260                0.0440               0.0960              
11.0940            11.4160            11.0720            0.8641          11.1160            0.7037          11.4040            0.4573          11.4280            0.1517          0.3220               0.3220               0.6140                0.0440               0.0240              
12.0300            12.3420            12.0120            0.6281          12.0480            0.3964          12.3280            0.5832          12.3560            0.1721          0.3120               0.3120               0.6580                0.0360               0.0280              
13.0000            13.3280            12.9800            0.8202          13.0200            0.5197          13.3120            0.7222          13.3440            0.1517          0.3280               0.3280               0.6180                0.0400               0.0320              
13.9460            14.2520            13.9240            0.8841          13.9680            0.4451          14.0920            -0.0116         14.4120            0.1628          0.3060               0.3060               0.0000                0.0440               0.3200              
